<?xml version="1.0"?>
<opencv_storage>
<classifications type_id="opencv-matrix">
  <rows>61</rows>
  <cols>1</cols>
  <dt>f</dt>
  <data>
    103. 112. 113. 120. 122. 109. 115. 97. 111. 117. 121. 114. 101. 119.
    104. 102. 100. 116. 106. 66. 67. 71. 68. 83. 108. 107. 77. 78. 86.
    88. 90. 76. 75. 74. 72. 70. 65. 110. 118. 99. 80. 79. 82. 81. 48.
    57. 56. 54. 51. 50. 98. 73. 85. 89. 84. 69. 87. 55. 53. 52. 49.</data></classifications>
</opencv_storage>
